"date" "32785" "6037" "7460" "25368" "53569"
"1978-11" 0.26563173532486 0.254897952079773 NA 0.300544917583466 NA
"1978-12" 0.217592716217041 0.20455102622509 NA 0.27669820189476 NA
"1979-01" 0.131940692663193 0.206107154488564 NA NA NA
"1979-02" 0.124846503138542 0.174092128872871 NA NA NA
"1979-03" 0.121638238430023 0.156168967485428 NA 0.274398982524872 NA
"1979-04" 0.251157522201538 0.166587382555008 NA 0.276325136423111 NA
"1979-05" 0.314509093761444 0.149376347661018 NA 0.285930901765823 NA
"1979-06" 0.316768079996109 0.164215907454491 NA 0.296565592288971 0.252723604440689
"1979-07" 0.280295759439468 0.18709833920002 NA 0.278114020824432 0.235465466976166
"1979-08" 0.203325882554054 0.222942233085632 NA 0.249380454421043 0.309084743261337
"1979-09" 0.284212499856949 0.215197265148163 NA 0.258887112140656 0.199414283037186
"1979-10" 0.28381472826004 0.167265579104424 NA 0.248499318957329 NA
"1979-11" 0.298667788505554 0.149126157164574 NA 0.281296640634537 NA
"1979-12" 0.232773587107658 0.166060477495193 NA NA NA
"1980-01" 0.141899764537811 0.157476529479027 NA 0.274398982524872 NA
"1980-02" 0.106878995895386 0.116833433508873 NA 0.289657443761826 NA
"1980-03" 0.130274996161461 0.135443761944771 NA NA NA
"1980-04" 0.236179396510124 0.102656342089176 NA NA NA
"1980-05" 0.290490716695786 0.103799067437649 NA 0.266729205846786 NA
"1980-06" 0.315943002700806 0.104315489530563 NA 0.275179743766785 NA
"1980-07" 0.324020951986313 0.113605737686157 NA NA 0.19005973637104
"1980-08" 0.321897983551025 0.201310560107231 NA 0.168712094426155 0.200963467359543
"1980-09" 0.288235634565353 0.238744959235191 NA 0.213374093174934 0.246231585741043
"1980-10" 0.335825115442276 0.245509937405586 NA 0.239287406206131 NA
"1980-11" 0.256700843572617 0.22289913892746 NA 0.292725145816803 NA
"1980-12" 0.221291169524193 0.216393053531647 NA NA NA
"1981-01" 0.155543699860573 0.290033400058746 NA 0.2614406645298 NA
"1981-02" 0.109379224479198 0.168288663029671 NA NA NA
"1981-03" 0.202139317989349 0.190768033266068 NA 0.297201901674271 NA
"1981-04" 0.205129072070122 0.251319110393524 NA 0.257458478212357 NA
"1981-05" 0.296428203582764 0.165385454893112 NA NA NA
"1981-06" 0.318761348724365 0.179037362337112 NA 0.220116093754768 0.150847196578979
"1981-07" 0.242054596543312 0.183844566345215 NA 0.173963025212288 0.189844340085983
"1981-08" 0.306637942790985 0.233611032366753 NA 0.188895776867867 0.237622082233429
"1981-09" 0.322072476148605 0.22910650074482 NA 0.223193123936653 0.242031499743462
"1981-10" 0.250236451625824 0.25716969370842 NA 0.247663110494614 NA
"1981-11" 0.281510949134827 0.170022919774055 NA 0.256612420082092 NA
"1981-12" 0.221849098801613 0.15512977540493 NA NA NA
"1982-01" 0.142728701233864 0.202684700489044 NA NA NA
"1982-02" 0.120904736220837 0.184284090995789 NA 0.272604525089264 NA
"1982-03" 0.139283046126366 0.135742530226707 NA 0.237356290221214 NA
"1982-04" 0.20416547358036 0.143358156085014 NA 0.270516157150269 NA
"1982-05" 0.302711963653564 0.146435290575027 NA 0.234078481793404 NA
"1982-06" 0.310623824596405 0.137375220656395 NA 0.222170501947403 0.17903508245945
"1982-07" 0.305255115032196 0.194133758544922 NA 0.203640282154083 0.214834228157997
"1982-08" 0.283028602600098 0.154689401388168 NA 0.190994128584862 0.245942413806915
"1982-09" 0.305483013391495 0.145180284976959 NA 0.224356383085251 NA
"1982-10" 0.301251590251923 0.129893019795418 NA 0.214841187000275 NA
"1982-11" 0.235545128583908 0.126183435320854 NA 0.246077075600624 NA
"1982-12" 0.159226179122925 0.203720390796661 NA NA NA
"1983-01" 0.154701426625252 0.20817443728447 NA NA NA
"1983-02" 0.0995029360055923 0.169027805328369 NA 0.293072044849396 NA
"1983-03" 0.104348048567772 0.219221323728561 NA 0.234490901231766 NA
"1983-04" 0.124874047935009 0.118986815214157 NA 0.274260878562927 NA
"1983-05" 0.227079346776009 0.102959513664246 NA 0.263816744089127 NA
"1983-06" 0.315654456615448 0.137698084115982 NA 0.27207362651825 0.175803065299988
"1983-07" 0.285481780767441 0.130011036992073 NA 0.15290530025959 0.237905994057655
"1983-08" 0.219644024968147 0.199682801961899 NA 0.16692790389061 0.260732173919678
"1983-09" 0.281540244817734 0.15257740020752 NA 0.194495290517807 0.356070578098297
"1983-10" 0.260403603315353 0.178742036223412 NA NA NA
"1983-11" 0.196357548236847 0.198006555438042 NA 0.291242003440857 NA
"1983-12" 0.174296528100967 0.176381468772888 NA NA NA
"1984-01" 0.115395464003086 0.214687272906303 NA 0.2656509578228 NA
"1984-02" 0.0872886329889297 0.189744487404823 NA NA NA
"1984-03" 0.137283280491829 0.123162180185318 NA NA NA
"1984-04" 0.195637390017509 0.110044755041599 NA 0.192301169037819 NA
"1984-05" 0.256280601024628 0.107935607433319 NA 0.239080160856247 NA
"1984-06" 0.296669870615005 0.198014795780182 NA 0.249428629875183 0.139455229043961
"1984-07" 0.288904100656509 0.209855914115906 NA 0.12010496109724 0.205551370978355
"1984-08" 0.2932508289814 0.253438293933868 NA NA 0.235511720180511
"1984-09" 0.253559052944183 0.202093258500099 NA 0.176277980208397 0.365749090909958
"1984-10" 0.264518916606903 0.196567699313164 NA 0.168826654553413 NA
"1984-11" 0.268646121025085 0.153410792350769 NA 0.302686154842377 NA
"1984-12" 0.201044708490372 0.220405042171478 NA 0.274398982524872 NA
"1985-01" 0.138488128781319 0.267694443464279 NA 0.35289341211319 NA
"1985-02" 0.0994198098778725 0.173864468932152 NA NA NA
"1985-03" 0.189840272068977 0.188230529427528 NA 0.280356109142303 NA
"1985-04" 0.265804022550583 0.146107420325279 NA NA NA
"1985-05" 0.286718279123306 0.12139930576086 NA 0.159258767962456 NA
"1985-06" 0.306136131286621 0.172302648425102 NA 0.197139948606491 0.172584876418114
"1985-07" 0.271569341421127 0.164723739027977 NA 0.162333309650421 0.249492645263672
"1985-08" 0.255115926265717 0.169490128755569 NA 0.130744740366936 0.25731098651886
"1985-09" 0.285765409469604 0.205154374241829 NA 0.178686484694481 0.235945269465446
"1985-10" 0.288219451904297 0.229888677597046 NA 0.103713996708393 NA
"1985-11" 0.297753214836121 0.160819664597511 NA NA NA
"1985-12" 0.196664839982986 0.15152782201767 NA NA NA
"1986-01" 0.118151642382145 0.187447965145111 NA 0.29287177324295 NA
"1986-02" 0.102572754025459 0.139256343245506 NA NA NA
"1986-03" 0.131928533315659 0.133112370967865 NA NA NA
"1986-04" NA 0.133834943175316 NA 0.273029297590256 NA
"1986-05" NA 0.127842053771019 NA 0.257279574871063 NA
"1986-06" NA 0.28757256269455 NA 0.319123595952988 0.144220769405365
"1986-07" 0.326763868331909 0.207328796386719 NA 0.105430707335472 0.205550491809845
"1986-08" 0.294762521982193 0.215992987155914 NA 0.0950428918004036 0.250910699367523
"1986-09" 0.215791448950768 0.236475825309753 NA 0.199833184480667 NA
"1986-10" 0.205863356590271 0.21818420290947 NA 0.267138540744781 NA
"1986-11" 0.233845993876457 0.208896920084953 NA 0.222555637359619 NA
"1986-12" 0.199582025408745 0.196777075529099 NA 0.211210548877716 NA
"1987-01" 0.0988553538918495 0.228427827358246 NA 0.256612420082092 NA
"1987-02" 0.147844955325127 0.182940676808357 NA NA NA
"1987-03" 0.150238305330276 0.154428988695145 NA 0.244836688041687 NA
"1987-04" 0.177861765027046 0.184642657637596 NA 0.131649449467659 NA
"1987-05" 0.211848840117455 0.187893882393837 NA 0.192699581384659 NA
"1987-06" 0.318189203739166 0.167806476354599 NA 0.131693109869957 NA
"1987-07" 0.213237524032593 0.125284060835838 NA 0.149148315191269 NA
"1987-08" NA NA NA 0.102089382708073 NA
"1987-09" NA NA NA NA NA
"1987-10" NA NA NA 0.203123852610588 NA
"1987-11" NA 0.17110575735569 NA 0.266016453504562 NA
"1987-12" NA NA NA 0.269465297460556 NA
"1988-01" NA 0.214351043105125 NA 0.285816639661789 NA
"1988-02" NA 0.170594587922096 NA 0.26669654250145 NA
"1988-03" NA 0.163112133741379 NA 0.181307181715965 NA
"1988-04" NA 0.127353876829147 NA 0.223951950669289 NA
"1988-05" NA 0.124591030180454 NA NA NA
"1988-06" NA 0.141869977116585 NA NA NA
"1988-07" NA NA NA 0.197424694895744 NA
"1988-08" NA NA NA NA NA
"1988-09" NA NA NA NA NA
"1988-10" NA NA NA 0.203491047024727 NA
"1988-11" NA 0.172703146934509 NA 0.266489177942276 NA
"1988-12" NA 0.217131897807121 NA 0.287409871816635 NA
"1989-01" NA 0.206664308905602 NA 0.292836427688599 NA
"1989-02" NA 0.173625826835632 NA 0.248837396502495 NA
"1989-03" NA 0.148847922682762 NA 0.194422647356987 NA
"1989-04" NA 0.106188111007214 NA 0.221605032682419 NA
"1989-05" NA 0.123890787363052 NA 0.175604984164238 NA
"1989-06" NA 0.154875755310059 NA NA NA
"1989-07" NA 0.173560574650764 NA NA NA
"1989-08" NA 0.250836461782455 NA NA NA
"1989-09" NA NA NA 0.16822911798954 NA
"1989-10" NA 0.246340245008469 NA 0.212685406208038 NA
"1989-11" NA 0.190502196550369 NA 0.262003362178802 NA
"1989-12" NA 0.203447207808495 NA 0.293854355812073 NA
"1990-01" NA 0.217390969395638 NA 0.267952173948288 NA
"1990-02" NA 0.191361904144287 NA 0.236308202147484 NA
"1990-03" NA 0.143077805638313 NA NA NA
"1990-04" NA 0.114766985177994 NA 0.216013118624687 NA
"1990-05" NA 0.129552900791168 NA NA NA
"1990-06" NA 0.150595709681511 NA NA NA
"1990-07" NA 0.222079679369926 NA NA NA
"1990-08" NA 0.291787207126617 NA 0.172153607010841 NA
"1990-09" NA NA NA 0.15273828804493 NA
"1990-10" NA NA NA 0.194633141160011 NA
"1990-11" NA NA NA 0.263690680265427 NA
"1990-12" NA 0.210697486996651 NA 0.267721861600876 NA
"1991-01" NA 0.216486692428589 NA 0.245560377836227 NA
"1991-02" NA 0.186561480164528 NA 0.252143085002899 NA
"1991-03" NA 0.15338060259819 NA 0.221702262759209 NA
"1991-04" NA 0.105037353932858 NA 0.225240871310234 NA
"1991-05" NA 0.116144128143787 NA NA NA
"1991-06" NA 0.146683484315872 NA NA NA
"1991-07" NA NA NA NA NA
"1991-08" 0.31155252456665 NA 0.296875059604645 NA NA
"1991-09" 0.32179668545723 NA 0.282137870788574 NA NA
"1991-10" 0.330708622932434 NA 0.234340876340866 0.277726620435715 NA
"1991-11" 0.266073137521744 NA NA 0.242081373929977 NA
"1991-12" 0.169056490063667 NA NA NA NA
"1992-01" 0.0971615761518478 NA NA NA NA
"1992-02" NA NA NA NA NA
"1992-03" 0.16264297068119 NA NA NA NA
"1992-04" 0.220373794436455 NA NA 0.130601048469543 NA
"1992-05" 0.22641134262085 NA 0.291992515325546 0.227368921041489 NA
"1992-06" 0.266510844230652 NA 0.265757143497467 0.183075115084648 NA
"1992-07" 0.308095037937164 NA 0.35659995675087 0.157124146819115 NA
"1992-08" 0.312871098518372 NA 0.24030689895153 0.191520154476166 NA
"1992-09" 0.300899118185043 NA 0.203408256173134 0.2413000613451 NA
"1992-10" 0.30617618560791 NA 0.192905962467194 0.288318783044815 NA
"1992-11" 0.260441273450851 0.182725787162781 NA 0.25209766626358 NA
"1992-12" 0.165625780820847 NA NA 0.281907558441162 NA
"1993-01" 0.098954014480114 NA NA 0.214915081858635 NA
"1993-02" 0.0997625216841698 0.182859420776367 NA 0.170463770627975 NA
"1993-03" 0.128420680761337 0.160931318998337 NA 0.132513761520386 NA
"1993-04" 0.188624456524849 0.126521348953247 NA 0.131123080849648 NA
"1993-05" 0.248892202973366 0.11570842564106 0.279114454984665 0.236608505249023 NA
"1993-06" 0.301351070404053 NA 0.231345444917679 0.214625060558319 NA
"1993-07" 0.316413730382919 0.293916612863541 NA 0.196085423231125 NA
"1993-08" 0.310316681861877 NA 0.230611070990562 0.208708241581917 NA
"1993-09" 0.291325360536575 NA 0.249281957745552 0.199711993336678 NA
"1993-10" 0.283983200788498 NA NA 0.25217142701149 NA
"1993-11" 0.253151327371597 0.192854627966881 NA 0.284732729196548 NA
"1993-12" 0.183228939771652 0.206732302904129 NA 0.281821221113205 NA
"1994-01" 0.0907681435346603 0.220574945211411 NA NA NA
"1994-02" 0.0984065532684326 0.182676136493683 NA NA NA
"1994-03" 0.132568836212158 0.135285019874573 NA NA NA
"1994-04" 0.168432101607323 0.104727238416672 NA NA NA
"1994-05" 0.245189338922501 0.129977643489838 NA 0.228114604949951 NA
"1994-06" 0.267276287078857 0.163899376988411 NA NA NA
"1994-07" 0.301522076129913 0.22004733979702 0.213370189070702 0.196268767118454 NA
"1994-08" 0.312904834747314 0.260261237621307 0.23124635219574 0.173520505428314 NA
"1994-09" 0.304865062236786 0.263460278511047 0.239284992218018 NA NA
"1994-10" 0.291880071163177 0.242271587252617 NA 0.230632752180099 NA
"1994-11" 0.266022861003876 0.19807456433773 NA 0.281367033720016 NA
"1994-12" 0.173938766121864 0.200754135847092 NA 0.219146743416786 NA
"1995-01" 0.100145988166332 0.208173379302025 NA 0.236269146203995 NA
"1995-02" 0.0931749865412712 0.174959123134613 NA 0.202017650008202 NA
"1995-03" 0.148047909140587 0.152674913406372 NA 0.106290154159069 NA
"1995-04" 0.177789285778999 0.119432806968689 NA 0.122277572751045 NA
"1995-05" 0.239769160747528 0.133750677108765 NA 0.165130332112312 NA
"1995-06" 0.289349228143692 0.154190748929977 0.247129887342453 NA NA
"1995-07" 0.307648777961731 0.21327406167984 0.247930601239204 0.1277966350317 NA
"1995-08" 0.297892957925797 0.254120141267776 0.288924127817154 0.210140645503998 NA
"1995-09" 0.288049250841141 0.269904136657715 0.218307435512543 0.140753164887428 NA
"1995-10" 0.2928267121315 NA 0.233961388468742 0.161221772432327 NA
"1995-11" 0.250984817743301 0.205862417817116 NA 0.270121663808823 NA
"1995-12" 0.136555626988411 NA NA 0.289202809333801 NA
"1996-01" 0.0922864153981209 0.213480398058891 NA 0.296452254056931 NA
"1996-02" 0.101737417280674 0.176810532808304 NA 0.200176402926445 NA
"1996-03" 0.173068270087242 0.155621826648712 NA 0.213737487792969 NA
"1996-04" 0.175270289182663 0.124249130487442 NA NA NA
"1996-05" 0.241877302527428 0.138058170676231 0.223622962832451 0.259548634290695 NA
"1996-06" 0.30018424987793 0.156656861305237 0.28040999174118 0.197926670312881 NA
"1996-07" 0.313545763492584 0.181287989020348 0.237951174378395 0.208509415388107 NA
"1996-08" 0.282234489917755 0.2396559715271 0.243532747030258 0.203775495290756 NA
"1996-09" 0.281750589609146 0.291670113801956 0.211347609758377 0.15717351436615 NA
"1996-10" 0.277166754007339 NA 0.202737420797348 0.127623930573463 NA
"1996-11" 0.226009473204613 0.185808107256889 NA 0.261671870946884 NA
"1996-12" 0.143428310751915 0.20162133872509 NA 0.309923082590103 NA
"1997-01" 0.0923445895314217 0.212157219648361 NA NA NA
"1997-02" 0.0967166274785995 0.167720898985863 NA 0.233263030648232 NA
"1997-03" 0.129084438085556 0.141120880842209 NA 0.174655109643936 NA
"1997-04" 0.19366267323494 0.111564598977566 NA 0.247813865542412 NA
"1997-05" 0.240848958492279 0.120134152472019 0.23644095659256 0.31056547164917 NA
"1997-06" 0.271845608949661 0.147395402193069 0.373167514801025 0.260217696428299 NA
"1997-07" 0.297182589769363 0.196382328867912 0.375490248203278 0.252538204193115 NA
"1997-08" 0.316555917263031 NA 0.268218755722046 NA NA
"1997-09" 0.31908905506134 0.25380277633667 0.270204991102219 0.261095523834229 NA
"1997-10" 0.30110114812851 0.240423977375031 0.217956632375717 0.270403474569321 NA
"1997-11" 0.259366691112518 0.188874959945679 NA 0.299716979265213 NA
"1997-12" 0.195256471633911 0.201308488845825 NA 0.291367202997208 NA
"1998-01" 0.123445086181164 0.137426227331161 NA 0.28363561630249 NA
"1998-02" 0.111483313143253 0.109238460659981 0.179015874862671 0.269174963235855 NA
"1998-03" 0.151193171739578 0.112038902938366 0.188260078430176 0.227452993392944 NA
"1998-04" 0.183207124471664 0.20709590613842 0.210631519556046 0.303233176469803 NA
"1998-05" 0.226452901959419 0.237465247511864 0.248606353998184 0.233498096466064 NA
"1998-06" 0.279476553201675 0.205824822187424 0.343940734863281 0.216989994049072 NA
"1998-07" 0.283179014921188 0.183035999536514 0.340584367513657 0.204960748553276 NA
"1998-08" 0.300550848245621 0.183228731155396 0.253403306007385 0.210007831454277 NA
"1998-09" 0.292239934206009 0.176290094852448 0.240698218345642 0.150404781103134 NA
"1998-10" 0.298823207616806 0.243531852960587 0.230415612459183 0.256743431091309 NA
"1998-11" 0.244508966803551 0.223529756069183 0.1869877576828 0.192169636487961 NA
"1998-12" 0.194840267300606 0.216002807021141 0.205351039767265 0.259620606899261 NA
"1999-01" 0.128338426351547 0.162250459194183 0.206991598010063 NA NA
"1999-02" 0.140246376395226 0.138391986489296 0.179535493254662 0.244031518697739 NA
"1999-03" 0.147631198167801 0.114993423223495 0.200012922286987 0.261717021465302 NA
"1999-04" 0.169722184538841 0.170869246125221 0.22518926858902 0.293220847845078 NA
"1999-05" 0.248696267604828 0.241486355662346 0.257656544446945 0.236528426408768 NA
"1999-06" 0.2948879301548 0.152504444122314 0.353448987007141 NA NA
"1999-07" 0.309546083211899 0.220137536525726 0.285163730382919 0.253199338912964 NA
"1999-08" 0.319028943777084 0.199275240302086 0.242611616849899 0.200622662901878 NA
"1999-09" 0.310273766517639 0.181828230619431 0.207490473985672 0.276757717132568 NA
"1999-10" 0.302807301282883 0.139581263065338 0.19637456536293 0.248561426997185 NA
"1999-11" 0.258193284273148 0.127394467592239 0.202818900346756 0.253316074609756 NA
"1999-12" 0.178833648562431 0.198755815625191 NA 0.268276512622833 NA
"2000-01" 0.11882758885622 0.158245861530304 NA 0.255295813083649 NA
"2000-02" 0.100813291966915 0.111013203859329 0.17142091691494 NA NA
"2000-03" 0.133538782596588 0.132737427949905 0.194618359208107 NA NA
"2000-04" 0.181647196412086 0.144845634698868 0.218244627118111 0.252539962530136 NA
"2000-05" 0.214836195111275 0.214293971657753 0.238634407520294 0.179436415433884 NA
"2000-06" 0.280843168497086 0.192136213183403 0.251923769712448 0.13102100789547 NA
"2000-07" 0.312843799591064 0.147323668003082 0.253768771886826 0.140674993395805 NA
"2000-08" 0.321869909763336 0.15057547390461 0.246450394392014 NA NA
"2000-09" 0.320918649435043 0.114734806120396 0.222737535834312 0.25026273727417 NA
"2000-10" 0.276983946561813 0.195669338107109 0.187211751937866 NA NA
"2000-11" 0.232511267066002 0.242223009467125 0.214284360408783 0.308205246925354 NA
"2000-12" 0.159038498997688 0.191434442996979 NA 0.26148384809494 NA
"2001-01" 0.124621137976646 0.193306744098663 NA 0.317860186100006 NA
"2001-02" NA 0.154431939125061 NA 0.269890040159225 NA
"2001-03" 0.135514691472054 0.145557522773743 NA 0.271221965551376 NA
"2001-04" 0.170568659901619 0.178756907582283 0.233695432543755 NA NA
"2001-05" NA 0.121058143675327 0.223767772316933 NA NA
"2001-06" 0.307209849357605 0.128132775425911 0.279651790857315 NA NA
"2001-07" 0.315750539302826 0.176870450377464 0.405326783657074 NA NA
"2001-08" 0.318227052688599 0.171803623437881 0.330246835947037 0.237483769655228 NA
"2001-09" 0.295307278633118 0.137683346867561 0.245935469865799 0.256872564554214 NA
"2001-10" 0.264328956604004 0.120505571365356 0.215403720736504 NA NA
"2001-11" 0.242281138896942 0.164599344134331 0.220392838120461 0.272267699241638 NA
"2001-12" 0.193991765379906 0.179126933217049 NA 0.218052878975868 NA
"2002-01" 0.116525240242481 0.158749178051949 NA 0.296717077493668 NA
"2002-02" 0.120806373655796 0.163490623235703 NA 0.155540078878403 NA
"2002-03" 0.170945733785629 0.113013043999672 0.161013334989548 0.254627257585526 NA
"2002-04" 0.198165893554688 0.137328311800957 0.174088820815086 0.276425540447235 NA
"2002-05" 0.223278447985649 0.203850209712982 0.212050676345825 0.268220603466034 NA
"2002-06" 0.278512716293335 0.162260219454765 0.25246649980545 0.161677122116089 0.219675272703171
"2002-07" 0.304063260555267 0.202157184481621 0.258850604295731 0.147768020629883 0.24503855407238
"2002-08" 0.329129695892334 0.198488116264343 0.296307563781738 0.159882470965385 0.260412842035294
"2002-09" 0.309459358453751 0.158472612500191 0.220891058444977 0.204860910773277 0.226182132959366
"2002-10" 0.321574062108994 0.185457766056061 0.181466475129128 0.259183794260025 NA
"2002-11" 0.288030058145523 0.16623367369175 NA 0.281872659921646 NA
"2002-12" 0.203911602497101 0.171018958091736 NA 0.303403586149216 NA
"2003-01" 0.146654158830643 0.168948113918304 0.187192305922508 0.282353043556213 NA
"2003-02" 0.121981419622898 0.178636848926544 0.171892657876015 0.26909738779068 NA
"2003-03" NA 0.127021044492722 NA 0.24423436820507 NA
"2003-04" NA 0.110871560871601 NA 0.249090284109116 NA
"2003-05" NA 0.14565272629261 NA 0.249588191509247 0.178807467222214
"2003-06" NA 0.148686707019806 NA 0.198433667421341 0.181617140769958
"2003-07" NA 0.17712476849556 NA 0.137247115373611 0.274208873510361
"2003-08" NA 0.168802425265312 0.31377449631691 0.160702556371689 0.30241522192955
"2003-09" NA 0.19526569545269 0.298863142728806 0.18480458855629 0.225396811962128
"2003-10" NA 0.218538701534271 0.232442393898964 0.273790627717972 0.15820387005806
"2003-11" NA 0.183943018317223 NA 0.297581315040588 NA
"2003-12" NA 0.168882459402084 NA 0.299864768981934 NA
"2004-01" NA 0.220455542206764 NA 0.278923362493515 NA
"2004-02" NA 0.188217163085938 NA 0.279906570911407 NA
"2004-03" NA 0.191288352012634 NA 0.28292116522789 NA
"2004-04" NA 0.168793424963951 NA 0.285172909498215 NA
"2004-05" NA 0.136197537183762 0.304618388414383 0.293306142091751 NA
"2004-06" NA 0.15709100663662 0.344520300626755 0.242692917585373 0.168245851993561
"2004-07" NA 0.184826523065567 0.315127283334732 0.179210260510445 0.213770657777786
"2004-08" NA 0.232462242245674 0.307316511869431 0.185126811265945 0.240833729505539
"2004-09" NA 0.236049652099609 0.281896114349365 0.189176514744759 0.19631738960743
"2004-10" NA 0.244834765791893 0.225206136703491 0.243296965956688 NA
"2004-11" NA 0.251431941986084 NA 0.290480524301529 NA
"2004-12" NA 0.221454322338104 NA 0.29339063167572 NA
"2005-01" NA 0.229817941784859 NA 0.271851390600204 NA
"2005-02" NA 0.251884311437607 NA 0.276484251022339 NA
"2005-03" NA 0.184890627861023 NA 0.230506241321564 NA
"2005-04" NA 0.149704471230507 NA 0.212158918380737 NA
"2005-05" NA 0.156892150640488 0.315735936164856 0.201566845178604 NA
"2005-06" NA 0.130749017000198 0.374986410140991 0.18532620370388 0.18276834487915
"2005-07" NA 0.162438809871674 0.303852736949921 0.142717197537422 0.24293926358223
"2005-08" NA 0.220688760280609 0.236109256744385 0.144314482808113 0.309352844953537
"2005-09" NA 0.191690683364868 0.246297061443329 0.173664152622223 0.280744671821594
"2005-10" NA 0.214495733380318 0.20784367620945 0.246813178062439 0.159038841724396
"2005-11" NA 0.168693408370018 NA 0.277452260255814 NA
"2005-12" NA 0.193568587303162 NA 0.271039873361588 NA
"2006-01" NA 0.172477409243584 NA 0.28863251209259 NA
"2006-02" NA 0.150945410132408 NA 0.260423243045807 NA
"2006-03" NA 0.12461880594492 NA 0.243005111813545 NA
"2006-04" NA 0.119390748441219 NA 0.253155559301376 NA
"2006-05" NA 0.124473065137863 0.22883939743042 0.227209374308586 NA
"2006-06" NA 0.13052687048912 0.236400216817856 0.204161703586578 0.174843281507492
"2006-07" NA 0.196414470672607 0.253126531839371 0.150076940655708 0.23477828502655
"2006-08" NA 0.241944044828415 0.223496273159981 0.149058163166046 0.246236845850945
"2006-09" NA 0.229880288243294 0.219809487462044 0.215448334813118 0.182757869362831
"2006-10" NA 0.219715669751167 0.237743005156517 0.256363570690155 NA
"2006-11" NA 0.186423271894455 NA 0.293282717466354 NA
"2006-12" NA 0.231429919600487 NA 0.281865805387497 NA
"2007-01" 0.103448569774628 0.258015781641006 NA 0.277050167322159 NA
"2007-02" 0.0891341343522072 0.173108547925949 NA 0.290400296449661 NA
"2007-03" 0.127073049545288 0.137252971529961 NA 0.249970942735672 NA
"2007-04" 0.177082851529121 0.125143080949783 0.231783404946327 0.291788905858994 NA
"2007-05" 0.239738151431084 0.157201200723648 0.238764449954033 0.270136415958405 0.220385357737541
"2007-06" 0.261874467134476 0.185403302311897 0.251432329416275 0.246991023421288 0.169680401682854
"2007-07" NA 0.217814266681671 0.252101600170135 0.170147716999054 0.216965273022652
"2007-08" NA 0.225841760635376 0.216550886631012 0.181996613740921 0.290157824754715
"2007-09" NA 0.233587443828583 0.212777718901634 0.210264623165131 0.21398438513279
"2007-10" NA 0.179960265755653 0.208817213773727 0.254917830228806 0.173506066203117
"2007-11" NA 0.178977623581886 0.212354257702827 0.259062111377716 NA
"2007-12" 0.155289754271507 0.192536652088165 NA 0.270708084106445 NA
"2008-01" 0.108060643076897 0.187718480825424 NA 0.272219330072403 NA
"2008-02" 0.0917242392897606 0.158086881041527 NA 0.264618843793869 NA
"2008-03" 0.136052533984184 0.145921275019646 NA 0.230275794863701 NA
"2008-04" 0.222550258040428 0.121132723987103 0.217967823147774 0.262906074523926 NA
"2008-05" 0.199974700808525 0.132043212652206 0.223830431699753 0.270795673131943 NA
"2008-06" NA 0.147526264190674 0.256128937005997 0.258356302976608 0.170951634645462
"2008-07" 0.276831746101379 0.225531876087189 0.271758824586868 0.155278280377388 0.222757428884506
"2008-08" NA 0.2440035790205 0.254458874464035 0.149350717663765 0.279048562049866
"2008-09" NA 0.282512187957764 0.208838745951653 0.198573678731918 0.255660742521286
"2008-10" NA 0.238723456859589 0.219443470239639 0.268475353717804 NA
"2008-11" NA 0.198807686567307 0.198374465107918 0.281700938940048 NA
"2008-12" 0.147775068879128 0.189457550644875 NA 0.271602362394333 NA
"2009-01" 0.0984800979495049 0.182431355118752 NA 0.272824674844742 NA
"2009-02" 0.111710004508495 0.151938885450363 NA 0.249308109283447 NA
"2009-03" 0.143034756183624 0.160557344555855 NA 0.234739318490028 NA
"2009-04" 0.213404014706612 0.116045646369457 0.216592654585838 0.227681055665016 NA
"2009-05" 0.213128119707108 0.161164179444313 0.219257578253746 0.208563819527626 0.226032882928848
"2009-06" 0.228875905275345 0.185769528150558 0.237861812114716 0.17353330552578 0.175405442714691
"2009-07" 0.250170588493347 0.184320479631424 0.224206283688545 0.125051870942116 0.218141913414001
"2009-08" NA 0.216767817735672 0.230830624699593 0.146292641758919 0.249316230416298
"2009-09" NA 0.239586353302002 0.204920649528503 0.194886028766632 0.238166227936745
"2009-10" NA 0.211423560976982 0.185872718691826 0.22688327729702 0.21834771335125
"2009-11" NA 0.196729823946953 NA 0.232280001044273 NA
"2009-12" 0.16128121316433 0.22489196062088 NA 0.292467892169952 NA
"2010-01" 0.108273081481457 0.205513954162598 NA 0.289139151573181 NA
"2010-02" 0.105177029967308 0.205230847001076 NA 0.285626500844955 NA
"2010-03" 0.127145305275917 0.141244113445282 NA 0.262325465679169 NA
"2010-04" 0.159555748105049 0.151174411177635 0.204510018229485 0.266213059425354 NA
"2010-05" 0.230143755674362 0.129410445690155 0.221685037016869 0.251940190792084 NA
"2010-06" 0.250773876905441 0.190541565418243 0.257689535617828 0.250207304954529 0.228869363665581
"2010-07" 0.285406500101089 0.246752843260765 0.267630785703659 0.175890102982521 0.284137338399887
"2010-08" 0.294142365455627 0.212443485856056 0.252624362707138 0.190237134695053 0.315189957618713
"2010-09" 0.275751978158951 0.234134688973427 0.242481052875519 0.239661782979965 0.243879482150078
"2010-10" 0.280971169471741 0.181421220302582 0.223338142037392 0.253869116306305 NA
"2010-11" 0.246640995144844 0.156951770186424 0.199387714266777 0.281516999006271 NA
"2010-12" 0.186092793941498 0.162110194563866 NA 0.301081299781799 NA
"2011-01" 0.112145014107227 0.169021770358086 NA 0.28921827673912 NA
"2011-02" 0.104604430496693 0.13557530939579 NA 0.269841879606247 NA
"2011-03" 0.12323310226202 0.107837319374084 NA 0.264250636100769 NA
"2011-04" 0.159090965986252 0.106505922973156 0.236909478902817 0.253520131111145 NA
"2011-05" 0.212025538086891 0.117616176605225 0.272325307130814 0.269280403852463 0.16819055378437
"2011-06" 0.231841117143631 0.121082462370396 0.3385269343853 0.217549085617065 0.190696433186531
"2011-07" 0.26689949631691 0.172233909368515 0.246785849332809 0.150109648704529 0.229532420635223
"2011-08" 0.29292157292366 0.179207295179367 0.226395770907402 0.164402067661285 0.285715699195862
"2011-09" 0.287108957767487 0.16659688949585 0.211213797330856 0.169967740774155 0.261958122253418
"2011-10" 0.268764853477478 0.161405935883522 0.202344387769699 0.208498314023018 0.190466836094856
"2011-11" 0.221776708960533 0.15906248986721 0.183485135436058 0.289224803447723 NA
"2011-12" 0.148084983229637 0.16863140463829 NA 0.273393601179123 NA
"2012-01" 0.101535402238369 0.15606202185154 NA 0.254796296358109 NA
"2012-02" 0.111194379627705 0.160224124789238 NA 0.21399037539959 NA
"2012-03" 0.1292345225811 0.134253665804863 NA 0.211909040808678 NA
"2012-04" 0.15765592455864 0.12421003729105 0.216621205210686 0.249286741018295 NA
"2012-05" 0.20964127779007 0.123375326395035 0.235081166028976 0.224415227770805 0.174907624721527
"2012-06" 0.250365376472473 0.139155209064484 0.24698106944561 0.163201749324799 0.20441971719265
"2012-07" 0.302955687046051 0.186771869659424 0.236773028969765 0.119205251336098 0.207846030592918
"2012-08" 0.310651212930679 0.191201880574226 0.218180790543556 0.115445546805859 0.248152866959572
"2012-09" 0.295903563499451 0.194728314876556 0.185956358909607 0.165910169482231 0.199070334434509
"2012-10" 0.292121380567551 0.188349261879921 0.207986891269684 0.259792059659958 0.140771135687828
"2012-11" 0.244126290082932 0.179121568799019 NA 0.293409407138824 NA
"2012-12" 0.161879256367683 0.172081053256989 NA 0.272880166769028 NA
"2013-01" 0.117110937833786 0.206102713942528 NA 0.279966711997986 NA
"2013-02" 0.114251792430878 0.14912049472332 NA 0.269696205854416 NA
"2013-03" 0.146679982542992 0.116475075483322 NA 0.300250440835953 NA
"2013-04" 0.180740281939507 0.121646136045456 0.169500917196274 0.26917564868927 NA
"2013-05" 0.233570128679276 0.135191261768341 0.245385527610779 0.262488067150116 NA
"2013-06" 0.281592637300491 0.16648605465889 0.293652445077896 0.228000849485397 0.157567396759987
"2013-07" 0.296443521976471 0.226712360978127 0.339511185884476 0.150413766503334 0.190176770091057
"2013-08" 0.303997427225113 0.20516549050808 0.233185455203056 0.151648014783859 0.190646275877953
"2013-09" 0.303029865026474 0.245676755905151 0.210387498140335 0.185500755906105 0.18235918879509
"2013-10" 0.280756145715714 0.187388047575951 0.20160111784935 0.240729704499245 NA
"2013-11" 0.244258761405945 0.287118524312973 0.208127588033676 0.248477637767792 NA
"2013-12" 0.174479380249977 0.217974871397018 NA 0.274150013923645 NA
"2014-01" 0.12208316475153 0.18415105342865 NA 0.292587548494339 NA
"2014-02" 0.125273630023003 0.137849673628807 NA 0.289342522621155 NA
"2014-03" 0.169402942061424 0.121779352426529 NA 0.244497239589691 NA
"2014-04" 0.239525765180588 0.134092226624489 0.196607619524002 0.234841004014015 NA
"2014-05" 0.269203543663025 0.134640723466873 0.252866059541702 0.203056618571281 NA
"2014-06" 0.289370864629745 0.156882718205452 0.302020609378815 0.177358627319336 0.166354611515999
"2014-07" 0.309138506650925 0.19589301943779 0.298829197883606 0.154088467359543 0.194016456604004
"2014-08" 0.323669999837875 0.237306892871857 0.231989994645119 0.134644120931625 0.242203250527382
"2014-09" 0.318056970834732 0.254090130329132 0.190391004085541 0.201823368668556 0.172185093164444
"2014-10" 0.320311278104782 0.178978368639946 0.200390309095383 0.247676134109497 NA
"2014-11" 0.261290669441223 0.23721718788147 0.170074254274368 0.296572148799896 NA
"2014-12" 0.180715292692184 0.205623149871826 NA 0.288510799407959 NA
"2015-01" 0.122772604227066 0.285315781831741 NA 0.261847823858261 NA
"2015-02" 0.132784202694893 0.24573527276516 NA 0.25822052359581 NA
"2015-03" 0.173007726669312 0.219836518168449 NA 0.235498130321503 NA
"2015-04" 0.199617817997932 0.178702667355537 0.218459889292717 0.223328769207001 NA
"2015-05" 0.248790621757507 0.122556105256081 0.222708091139793 0.198400467634201 NA
"2015-06" 0.256924331188202 0.161528989672661 0.214768588542938 0.162709683179855 0.186175033450127
"2015-07" NA 0.201383456587791 0.214861392974854 0.119336813688278 0.203322201967239
"2015-08" NA 0.190328806638718 0.223855644464493 0.139667987823486 0.188994139432907
"2015-09" NA 0.195140868425369 0.207306176424026 0.171117842197418 0.188180848956108
"2015-10" NA 0.214213714003563 0.184666395187378 0.224981442093849 NA
"2015-11" NA 0.203777685761452 0.196206882596016 0.237739250063896 NA
"2015-12" 0.164705082774162 0.211312308907509 NA 0.222248613834381 NA
"2016-01" 0.125345319509506 0.196062728762627 NA 0.269140154123306 NA
"2016-02" 0.121554620563984 0.134610012173653 NA 0.26134592294693 NA
"2016-03" 0.171234354376793 0.110486887395382 NA 0.227426931262016 NA
"2016-04" 0.213839560747147 0.104478232562542 0.210261911153793 0.262712717056274 NA
"2016-05" 0.242830961942673 0.152340337634087 0.23710823059082 0.239040538668633 NA
"2016-06" 0.238543137907982 0.181327685713768 0.232218086719513 0.176100522279739 0.161257058382034
"2016-07" NA 0.185972824692726 0.241443529725075 0.139218732714653 0.215578109025955
"2016-08" NA 0.261887848377228 0.232430770993233 0.127547845244408 0.278441518545151
"2016-09" NA 0.244353502988815 0.21578685939312 0.155075207352638 0.263779133558273
"2016-10" NA 0.226411238312721 0.250017940998077 0.217745453119278 0.159341782331467
"2016-11" NA 0.230042606592178 0.237318277359009 0.280147701501846 NA
"2016-12" 0.158565625548363 0.243074968457222 NA 0.289622992277145 NA
"2017-01" 0.121835336089134 0.192288711667061 NA 0.245870262384415 NA
"2017-02" 0.130771458148956 0.167372465133667 NA 0.268315136432648 NA
"2017-03" 0.157559186220169 0.130808249115944 NA 0.227144107222557 NA
"2017-04" 0.198255956172943 0.100561708211899 0.209208935499191 0.180903241038322 NA
"2017-05" 0.269852191209793 0.152140438556671 0.235524192452431 0.197183638811111 NA
"2017-06" NA 0.147580444812775 0.270825237035751 0.151082411408424 0.151434987783432
"2017-07" NA 0.241799503564835 0.233449324965477 0.139951705932617 0.195076882839203
"2017-08" NA 0.267520397901535 0.201194912195206 0.151143670082092 0.24532762169838
"2017-09" NA 0.216072022914886 0.189422681927681 0.142569243907928 0.181333675980568
"2017-10" NA 0.203714534640312 0.191293209791183 0.185890465974808 NA
"2017-11" NA 0.182414352893829 NA 0.21030205488205 NA
"2017-12" 0.176708221435547 0.237562358379364 NA 0.253526121377945 NA
