"date" "32785" "6037" "7460" "25368" "53569"
"2007-01" 0.338680058717728 0.110376946628094 NA 0.266777485609055 NA
"2007-02" 0.881002187728882 0.3046795129776 0.134567350149155 0.85799241065979 NA
"2007-03" 1.41784024238586 0.341969519853592 0.648971498012543 1.28468298912048 NA
"2007-04" 2.15734434127808 0.296176671981812 0.0904662013053894 1.44015634059906 NA
"2007-05" 2.66644859313965 0.536374747753143 0.542948842048645 2.12990045547485 NA
"2007-06" 2.80514144897461 0.781858682632446 1.03502309322357 1.037473320961 NA
"2007-07" 2.3762583732605 0.716515779495239 1.28678321838379 0.851406037807465 NA
"2007-08" 2.5303783416748 1.39676678180695 1.34930312633514 0.59965056180954 NA
"2007-09" 2.49506378173828 1.24280977249146 0.547142565250397 0.795990347862244 NA
"2007-10" 1.992143034935 0.724859774112701 0.117756590247154 0.401881217956543 NA
"2007-11" 1.41050243377686 0.287119269371033 -0.0670361816883087 0.102357514202595 NA
"2007-12" 0.587710678577423 0.1342543810606 -0.152888476848602 0.186426118016243 NA
"2008-01" 0.619037568569183 0.210395246744156 -0.094192735850811 0.113207466900349 NA
"2008-02" 1.04615139961243 0.181077525019646 -0.174774840474129 0.376073509454727 NA
"2008-03" 1.66740107536316 0.0853671282529831 -0.440279573202133 0.841401636600494 NA
"2008-04" 1.90935575962067 0.181719377636909 -0.225143164396286 1.13956308364868 NA
"2008-05" 2.69805598258972 0.435860455036163 0.303918212652206 1.56390333175659 NA
"2008-06" 2.49548077583313 0.498748868703842 1.04677045345306 1.07278382778168 NA
"2008-07" 2.59716844558716 1.00230479240417 1.34870505332947 0.859000980854034 NA
"2008-08" 2.50654196739197 1.13447093963623 1.15539073944092 0.761396944522858 NA
"2008-09" 2.54725432395935 1.52147138118744 0.568434119224548 0.400095045566559 NA
"2008-10" 2.08894753456116 1.08678257465363 0.250715434551239 0.39486625790596 NA
"2008-11" 1.09052276611328 0.407744258642197 -0.0878239572048187 0.205768033862114 NA
"2008-12" 0.62220311164856 0.152026876807213 0.128200739622116 0.151423707604408 NA
"2009-01" 0.440796703100204 0.164843827486038 -0.3763148188591 0.151908814907074 NA
"2009-02" 1.38305521011353 0.227520480751991 0.202798992395401 0.302801579236984 NA
"2009-03" 1.65339410305023 0.124224595725536 -0.0456881932914257 0.659694790840149 NA
"2009-04" 1.87159657478333 0.272221267223358 0.558641076087952 1.36443305015564 NA
"2009-05" 1.86444866657257 0.602586388587952 0.266411036252975 1.21625936031342 NA
"2009-06" 2.61399030685425 0.708458602428436 0.85047709941864 0.831338822841644 NA
"2009-07" 2.66613149642944 0.68927413225174 1.11083674430847 0.730782151222229 NA
"2009-08" 2.39319658279419 1.21689403057098 1.10588610172272 0.559096395969391 NA
"2009-09" 2.59015417098999 1.06280219554901 1.17570757865906 0.423793226480484 NA
"2009-10" 1.9606876373291 0.634425938129425 0.343190848827362 0.197760999202728 NA
"2009-11" 1.46249270439148 0.191784754395485 0.14450791478157 0.0522676184773445 NA
"2009-12" 0.840993821620941 0.159273982048035 -0.135499820113182 0.0776911526918411 NA
"2010-01" 0.541832447052002 0.0353107377886772 0.0835182666778564 0.162886440753937 NA
"2010-02" 1.10766589641571 0.372136682271957 -0.298317313194275 0.193329066038132 NA
"2010-03" 1.23756241798401 0.18224985897541 -0.155263245105743 0.475129544734955 NA
"2010-04" 1.62045705318451 0.302741408348083 0.360712766647339 1.12465786933899 NA
"2010-05" 1.84678781032562 0.301280826330185 0.421942085027695 1.44258058071136 NA
"2010-06" 2.34631967544556 0.576142430305481 1.190056681633 1.01223742961884 NA
"2010-07" 2.26642656326294 0.812606930732727 1.16011655330658 0.976088345050812 NA
"2010-08" 2.35703873634338 1.37000703811646 0.91162520647049 0.760297358036041 NA
"2010-09" 2.42465829849243 1.09871780872345 0.414793163537979 0.73603492975235 NA
"2010-10" 1.8910710811615 0.664198458194733 0.220450848340988 0.41246822476387 NA
"2010-11" 1.39546036720276 0.216024607419968 0.0516700185835361 0.329436272382736 NA
"2010-12" 0.925438761711121 0.0576829686760902 0.0733916983008385 0.101924486458302 NA
"2011-01" 0.456297785043716 0.0638158544898033 -0.237040936946869 0.062189731746912 NA
"2011-02" 0.728592216968536 0.124016493558884 0.609797954559326 0.36675289273262 NA
"2011-03" 1.00754249095917 0.0665422454476357 -0.0485241748392582 0.606942594051361 NA
"2011-04" 1.52847123146057 -0.0385725609958172 0.156225830316544 1.84593343734741 NA
"2011-05" 1.70142138004303 0.195241823792458 0.228270962834358 1.93473064899445 NA
"2011-06" 1.89933884143829 0.357762902975082 0.724768042564392 0.932695865631104 NA
"2011-07" 1.92516958713531 0.603652000427246 0.932550430297852 0.833135724067688 NA
"2011-08" 2.35502314567566 0.930866599082947 1.13196551799774 0.847781598567963 NA
"2011-09" 2.35918235778809 0.657105982303619 0.982456028461456 0.459916740655899 NA
"2011-10" 2.00248289108276 0.389052838087082 0.137403056025505 0.526220679283142 NA
"2011-11" 1.28667378425598 0.229978770017624 -0.0537540651857853 0.196148052811623 NA
"2011-12" 0.723745048046112 0.1088877171278 -0.019151646643877 0.165761649608612 NA
"2012-01" 0.52346396446228 -0.108999997377396 -0.15417093038559 0.0994906276464462 NA
"2012-02" 0.88223785161972 0.159840136766434 -0.0398381128907204 0.247479245066643 NA
"2012-03" 1.15820479393005 0.159747451543808 -0.481412023305893 0.633329927921295 NA
"2012-04" 1.33140158653259 -0.142977476119995 NA 1.25304198265076 NA
"2012-05" 1.63063836097717 0.53508448600769 0.352177768945694 1.35184824466705 NA
"2012-06" 1.90215420722961 0.542629659175873 1.08168160915375 0.729526042938232 NA
"2012-07" 2.12383460998535 0.582720696926117 1.29427587985992 0.736197531223297 NA
"2012-08" 1.78298687934875 0.791621923446655 0.763137996196747 0.491973131895065 NA
"2012-09" 1.93013608455658 0.698661088943481 0.653917074203491 0.548835575580597 NA
"2012-10" 1.85372698307037 0.636264622211456 0.194172292947769 0.326481312513351 NA
"2012-11" 1.43975412845612 0.416132211685181 -0.172733649611473 0.536856591701508 NA
"2012-12" 0.874431490898132 0.10809363424778 0.0155446007847786 0.211299523711205 NA
"2013-01" 0.440698087215424 0.170757174491882 -0.125347554683685 0.222373515367508 NA
"2013-02" 0.716077566146851 0.0448461845517159 -0.168298676609993 0.382665693759918 NA
"2013-03" 1.28591370582581 0.109956704080105 -0.349328517913818 0.590515613555908 0.0282494444400072
"2013-04" 1.67290389537811 0.164279326796532 NA 1.39583802223206 NA
"2013-05" 1.71133804321289 0.371235370635986 0.290725350379944 1.5091837644577 NA
"2013-06" 1.75991904735565 0.661548256874084 0.897190570831299 1.05743288993835 NA
"2013-07" 1.87952089309692 0.502977728843689 0.964378178119659 1.00842642784119 0.428083568811417
"2013-08" 1.64338457584381 1.24073934555054 1.00990307331085 0.875318706035614 0.0896017402410507
"2013-09" 2.10477781295776 0.900841236114502 0.837786793708801 0.592785656452179 -0.150538593530655
"2013-10" 1.65778005123138 0.843653380870819 0.266062468290329 0.232856929302216 -0.110075443983078
"2013-11" 1.41208636760712 0.395017713308334 0.0146448882296681 0.246865630149841 NA
"2013-12" 0.766939461231232 0.213804990053177 -0.289240419864655 0.137756884098053 NA
"2014-01" 0.532259345054626 0.248869121074677 -0.350352585315704 0.00260326080024242 NA
"2014-02" 0.641347527503967 0.0514549538493156 0.141277283430099 0.112141400575638 -0.161524832248688
"2014-03" 1.45038902759552 0.277336359024048 0.0503691360354424 0.485311448574066 -0.1988495439291
"2014-04" 1.03419947624207 0.0120486402884126 0.13297364115715 1.11552691459656 -0.191863253712654
"2014-05" 1.93805456161499 0.343835204839706 0.179971158504486 0.9688920378685 -0.091775119304657
"2014-06" 1.60759127140045 0.553023159503937 0.743619322776794 0.5875204205513 -0.0502965003252029
"2014-07" 1.53746426105499 0.654027819633484 1.23449444770813 0.691590964794159 0.256912231445312
"2014-08" 1.80364680290222 0.801121830940247 1.24443936347961 0.827045917510986 -0.0330429412424564
"2014-09" 1.638676404953 0.974587559700012 0.569835841655731 0.44969642162323 -0.0410314574837685
"2014-10" 1.25240182876587 0.560898661613464 0.1652592420578 0.31401851773262 -0.0445906743407249
"2014-11" 1.22081911563873 0.21755875647068 -0.0604206956923008 0.0561959147453308 NA
"2014-12" 0.70654571056366 0.282085299491882 NA 0.192593351006508 NA
"2015-01" 0.405457615852356 0.390552490949631 -0.312724947929382 0.281367927789688 NA
"2015-02" 0.886143922805786 0.239871695637703 -0.548250019550323 0.212324649095535 0.00109909067396075
"2015-03" 1.30734896659851 0.427528142929077 -0.0170236527919769 0.627471685409546 -0.00706520397216082
"2015-04" 1.89076495170593 0.603083372116089 0.388984739780426 1.30374538898468 -0.135204374790192
