"date" "32785" "6037" "7460" "25368" "53569"
"2000-02" 0.340308338403702 0.0888554900884628 0.429598391056061 0.213519424200058 NA
"2000-03" 0.373885929584503 0.123206786811352 0.437255799770355 0.276893705129623 NA
"2000-04" 0.450664669275284 0.119721405208111 0.498092234134674 0.335670322179794 NA
"2000-05" 0.518952429294586 0.120912961661816 0.460870236158371 0.371973186731339 NA
"2000-06" 0.594735324382782 0.133607015013695 0.553838431835175 0.216768324375153 NA
"2000-07" 0.628169298171997 0.166040331125259 0.672288298606873 0.151197597384453 0.360944777727127
"2000-08" 0.689030528068542 0.15860079228878 0.652708411216736 0.144502595067024 0.423137426376343
"2000-09" 0.7022784948349 0.141520753502846 0.550841987133026 0.156015500426292 0.470800012350082
"2000-10" 0.611084461212158 0.162033528089523 0.448901772499084 0.144976139068604 NA
"2000-11" 0.472307622432709 0.171635895967484 NA 0.150746881961823 NA
"2000-12" 0.367763191461563 0.153534650802612 NA 0.156928792595863 NA
"2001-01" 0.220442116260529 0.136857703328133 NA 0.178544953465462 NA
"2001-02" 0.250626474618912 0.130161240696907 0.428937256336212 0.199811786413193 NA
"2001-03" 0.379404187202454 0.133840888738632 0.494905382394791 0.299902766942978 NA
"2001-04" 0.410959541797638 0.132151827216148 0.378607362508774 0.359555423259735 NA
"2001-05" 0.464085131883621 0.134295731782913 0.501763164997101 0.343178033828735 NA
"2001-06" 0.614530265331268 0.128612697124481 0.605134844779968 0.245681077241898 NA
"2001-07" 0.647094190120697 0.153272062540054 0.673705518245697 0.148921594023705 0.418493390083313
"2001-08" 0.660057663917542 0.18523795902729 0.691541910171509 0.151731729507446 0.457208871841431
"2001-09" 0.686268866062164 0.160628408193588 0.606003522872925 0.164009094238281 0.40707191824913
"2001-10" 0.671210289001465 0.153478905558586 0.4905024766922 0.206788063049316 NA
"2001-11" 0.501184523105621 0.13989482820034 0.51469749212265 0.209061861038208 NA
"2001-12" 0.343774646520615 0.131490811705589 NA 0.185117602348328 NA
"2002-01" 0.231891810894012 0.123734280467033 NA 0.184355661273003 NA
"2002-02" 0.273742437362671 0.124435946345329 0.408838599920273 0.201005011796951 NA
"2002-03" 0.335611939430237 0.109181769192219 0.430131584405899 0.275265842676163 NA
"2002-04" 0.394842177629471 0.119225896894932 0.408563613891602 0.377528727054596 NA
"2002-05" 0.439220905303955 0.121357008814812 0.486421883106232 0.354548871517181 NA
"2002-06" 0.563525438308716 0.138206511735916 0.588714063167572 0.202221438288689 0.235532879829407
"2002-07" 0.714300215244293 0.154334843158722 0.672566592693329 0.15324991941452 0.411280989646912
"2002-08" 0.646433889865875 0.182223975658417 0.62360292673111 0.14936737716198 0.383826434612274
"2002-09" 0.676672041416168 0.155185461044312 0.613250494003296 0.151859566569328 NA
"2002-10" 0.634645819664001 0.161039918661118 0.471094787120819 0.150430560112 NA
"2002-11" 0.551481962203979 0.143274232745171 0.399591833353043 0.157386392354965 NA
"2002-12" 0.424949020147324 0.117803961038589 NA 0.184238269925117 NA
"2003-01" 0.316724509000778 0.13205960392952 NA 0.209683805704117 NA
"2003-02" 0.261312276124954 0.123107761144638 0.432777762413025 0.176335647702217 NA
"2003-03" 0.347960144281387 0.12652114033699 0.404409646987915 0.259076952934265 NA
"2003-04" 0.414043068885803 0.118748389184475 0.450404942035675 0.345832884311676 NA
"2003-05" 0.526633977890015 0.120824091136456 0.519291460514069 0.366386353969574 NA
"2003-06" 0.652917802333832 0.126488640904427 0.603218793869019 0.198632210493088 0.198823526501656
"2003-07" 0.707393884658813 0.130965143442154 0.647875547409058 0.152039214968681 0.269882023334503
"2003-08" 0.695064842700958 0.143964886665344 0.659519791603088 0.145509779453278 0.419290840625763
"2003-09" 0.653308153152466 0.153676107525826 0.492953985929489 0.149440258741379 NA
"2003-10" 0.669896066188812 0.186454683542252 0.421775579452515 0.148959383368492 NA
"2003-11" 0.56305867433548 0.179766863584518 0.443749994039536 0.173663407564163 NA
"2003-12" 0.378995984792709 0.151104956865311 NA 0.18886362016201 NA
"2004-01" 0.227337509393692 0.130628690123558 NA 0.190318450331688 NA
"2004-02" 0.284295827150345 0.13408274948597 0.340938478708267 0.255225330591202 NA
"2004-03" 0.361927330493927 0.149077355861664 0.427099525928497 0.309187650680542 NA
"2004-04" 0.506296753883362 0.168472304940224 0.4181028008461 0.381251007318497 NA
"2004-05" 0.626445651054382 0.154432460665703 0.461535066366196 0.388169258832932 NA
"2004-06" 0.683834075927734 0.142442256212234 0.558288156986237 0.270953238010406 NA
"2004-07" 0.645954370498657 0.15826053917408 0.678297817707062 0.168183878064156 0.365808427333832
"2004-08" 0.592118799686432 0.238918513059616 0.65379673242569 0.157101020216942 0.390880882740021
"2004-09" 0.648752748966217 0.231965109705925 0.571266353130341 0.162998229265213 NA
"2004-10" 0.626363694667816 0.227519601583481 0.474786162376404 0.164824724197388 NA
"2004-11" 0.504741668701172 0.194638624787331 NA 0.16439625620842 NA
"2004-12" 0.365731775760651 0.172029331326485 NA 0.154599279165268 NA
"2005-01" 0.212504118680954 0.140602141618729 NA 0.160885661840439 NA
"2005-02" 0.248598143458366 0.136278003454208 0.450933784246445 0.16160374879837 NA
"2005-03" 0.381850004196167 0.168498381972313 0.449950367212296 0.198320299386978 NA
"2005-04" 0.408601671457291 0.169236734509468 0.461630761623383 0.311501085758209 NA
"2005-05" 0.561335444450378 0.164411529898643 0.483889758586884 0.264181435108185 NA
"2005-06" 0.637112259864807 0.152039349079132 0.562920093536377 0.164675056934357 0.232984602451324
"2005-07" 0.652040719985962 0.138560459017754 0.682462215423584 0.138464942574501 0.387289553880692
"2005-08" 0.621499955654144 0.202859312295914 0.648706316947937 0.136290445923805 0.395012825727463
"2005-09" 0.645019829273224 0.195610821247101 0.555416107177734 0.149187847971916 NA
"2005-10" 0.622635304927826 0.215058907866478 0.456453025341034 0.149686425924301 NA
"2005-11" 0.499419093132019 0.191243648529053 0.472061842679977 0.159454047679901 NA
"2005-12" 0.304041296243668 0.163681879639626 NA 0.179961085319519 NA
"2006-01" 0.258531272411346 0.149561882019043 NA 0.180357664823532 NA
"2006-02" 0.325346976518631 0.138423398137093 0.488125532865524 0.177205175161362 NA
"2006-03" 0.381700992584229 0.135505139827728 0.514224827289581 0.244374543428421 NA
"2006-04" 0.421868532896042 0.135218650102615 0.4505375623703 0.357216536998749 NA
"2006-05" 0.479423105716705 0.129621401429176 0.506628632545471 0.321177750825882 NA
"2006-06" 0.671065926551819 0.12746749818325 0.665641307830811 0.166498914361 0.107333332300186
"2006-07" 0.707349002361298 0.145125463604927 0.685589075088501 0.136887401342392 0.428277939558029
"2006-08" 0.652820229530334 0.213672533631325 0.686424255371094 0.141952127218246 0.411238312721252
"2006-09" 0.643612444400787 0.249477624893188 0.591102302074432 0.150212749838829 NA
"2006-10" 0.656417310237885 0.187654137611389 0.469151616096497 0.164139524102211 NA
"2006-11" 0.555771589279175 0.160567626357079 0.199999988079071 0.203534483909607 NA
"2006-12" 0.415698647499084 0.150534689426422 NA 0.231343239545822 NA
"2007-01" 0.258560508489609 0.127143651247025 NA 0.222323998808861 NA
"2007-02" 0.316438615322113 0.136669129133224 0.40191662311554 0.264867782592773 NA
"2007-03" 0.446771204471588 0.139659896492958 0.425870269536972 0.297308415174484 NA
"2007-04" 0.494084447622299 0.137321755290031 0.406034201383591 0.368121683597565 NA
"2007-05" 0.600498855113983 0.142135456204414 0.511066913604736 0.365366339683533 NA
"2007-06" 0.625737190246582 0.15946127474308 0.594537913799286 0.217660561203957 0.288818895816803
"2007-07" 0.733430564403534 0.164628177881241 0.675464034080505 0.178711891174316 0.385202407836914
"2007-08" 0.597586989402771 0.234055086970329 0.575260043144226 0.170200288295746 0.379092752933502
"2007-09" 0.670938313007355 0.214178264141083 0.493931531906128 0.173910304903984 NA
"2007-10" 0.647327899932861 0.193118289113045 0.474932014942169 0.181124955415726 NA
"2007-11" 0.484293788671494 0.158175244927406 0.350666642189026 0.17509126663208 NA
"2007-12" 0.358320951461792 0.145889773964882 NA 0.154248520731926 NA
"2008-01" 0.214795589447021 0.136976048350334 NA 0.160642743110657 NA
"2008-02" 0.32851767539978 0.136977598071098 0.471154928207397 0.206328451633453 NA
"2008-03" 0.474241554737091 0.13001437485218 0.472468078136444 0.245590507984161 NA
"2008-04" 0.518531680107117 0.132315114140511 0.400492370128632 0.285943001508713 NA
"2008-05" 0.591101288795471 0.127197250723839 0.502088367938995 0.307673513889313 NA
"2008-06" 0.618836283683777 0.132952362298965 0.593735992908478 0.222283095121384 NA
"2008-07" 0.657292544841766 0.19656777381897 0.686373651027679 0.162006333470345 0.38628101348877
"2008-08" 0.580131053924561 0.230792641639709 0.712706804275513 0.150695711374283 0.389908730983734
"2008-09" 0.624983608722687 0.246998757123947 0.608481705188751 0.153506934642792 0.416179150342941
"2008-10" 0.600172698497772 0.215553760528564 0.485229879617691 0.167120963335037 NA
"2008-11" 0.4581698179245 0.180096194148064 NA 0.179601609706879 NA
"2008-12" 0.328160464763641 0.143084406852722 NA 0.159184947609901 NA
"2009-01" 0.255992919206619 0.146991461515427 NA 0.175333827733994 NA
"2009-02" 0.345002502202988 0.139812007546425 0.45047727227211 0.192655712366104 NA
"2009-03" 0.442188501358032 0.117198035120964 0.436876893043518 0.244864657521248 NA
"2009-04" 0.501922488212585 0.134305149316788 0.427524745464325 0.313923567533493 NA
"2009-05" 0.576605975627899 0.139951050281525 0.492593556642532 0.280062466859818 NA
"2009-06" 0.626096129417419 0.156272754073143 0.570025444030762 0.155297145247459 0.304680824279785
"2009-07" 0.73419976234436 0.171511083841324 0.647087693214417 0.132676333189011 0.448539137840271
"2009-08" 0.643745422363281 0.194120407104492 0.660449922084808 0.135748043656349 0.367483735084534
"2009-09" 0.602025151252747 0.219536155462265 0.637634038925171 0.144027084112167 0.0867924466729164
"2009-10" 0.599347233772278 0.178267985582352 0.50364089012146 0.153738647699356 NA
"2009-11" 0.511450469493866 0.155645176768303 0.500562250614166 0.150459468364716 NA
"2009-12" 0.377426385879517 0.137190192937851 NA 0.146073877811432 NA
"2010-01" 0.264129310846329 0.130524888634682 NA 0.132725074887276 NA
"2010-02" 0.34002286195755 0.13549630343914 0.421712100505829 0.169427126646042 NA
"2010-03" 0.448011159896851 0.134553700685501 0.43971261382103 0.174028784036636 NA
"2010-04" 0.464960098266602 0.134379670023918 0.492169320583344 0.25495371222496 NA
"2010-05" 0.553864538669586 0.130769893527031 0.464662075042725 0.307993054389954 NA
"2010-06" 0.653294324874878 0.139578863978386 0.575096964836121 0.21575365960598 0.287787079811096
"2010-07" 0.663997709751129 0.180992841720581 0.655074596405029 0.167905479669571 0.4297836124897
"2010-08" 0.706348657608032 0.226804107427597 0.569734215736389 0.163856089115143 0.437658786773682
"2010-09" 0.655595183372498 0.204034090042114 0.504429697990417 0.176919907331467 NA
"2010-10" 0.631573915481567 0.177574813365936 0.454496562480927 0.189236551523209 NA
"2010-11" 0.55175393819809 0.156389147043228 0.450647205114365 0.185947731137276 NA
"2010-12" 0.405474603176117 0.135146781802177 NA 0.179620712995529 NA
"2011-01" 0.27187916636467 0.147077858448029 NA 0.185190141201019 NA
"2011-02" 0.308590531349182 0.139543548226357 0.365162909030914 0.192781552672386 NA
"2011-03" 0.406935274600983 0.134342670440674 0.455051332712173 0.248980164527893 NA
"2011-04" 0.454055041074753 0.128504917025566 0.384230822324753 0.365969270467758 NA
"2011-05" 0.508425176143646 0.12460371106863 0.464228332042694 0.37661474943161 NA
"2011-06" 0.653753280639648 0.123258620500565 0.599179863929749 0.206922024488449 0.297677934169769
"2011-07" 0.633295953273773 0.128311470150948 0.681238889694214 0.158673614263535 0.48741340637207
"2011-08" 0.70109486579895 0.147349983453751 0.691311359405518 0.149207025766373 0.42167803645134
"2011-09" 0.697335958480835 0.152284681797028 0.623761415481567 0.156985193490982 0.481249988079071
"2011-10" 0.613236963748932 0.150260165333748 0.484743177890778 0.164176866412163 NA
"2011-11" 0.56824004650116 0.136898279190063 0.468333303928375 0.16982613503933 NA
"2011-12" 0.401366353034973 0.126066505908966 NA 0.182959109544754 NA
"2012-01" 0.28683602809906 0.123818807303905 NA 0.192026078701019 NA
"2012-02" 0.340298861265182 0.130804270505905 0.398496747016907 0.179541647434235 NA
"2012-03" 0.394598096609116 0.123762018978596 0.368736922740936 0.207030147314072 NA
"2012-04" 0.471567034721375 0.129715383052826 0.48563152551651 0.282011330127716 NA
"2012-05" 0.446218937635422 0.124852567911148 0.482815086841583 0.326045095920563 NA
"2012-06" 0.565555930137634 0.124583341181278 0.636204481124878 0.174839839339256 0.331434845924377
"2012-07" 0.711032390594482 0.125109359622002 0.676993608474731 0.135003805160522 0.498964250087738
"2012-08" 0.635004758834839 0.136651188135147 0.68401974439621 0.135405167937279 0.389313936233521
"2012-09" 0.638351559638977 0.144950494170189 0.608938038349152 0.145301431417465 0.416898638010025
"2012-10" 0.637074172496796 0.152011901140213 0.386041104793549 0.175543367862701 NA
"2012-11" 0.564816653728485 0.138496086001396 NA 0.22063834965229 NA
"2012-12" 0.409706115722656 0.126313596963882 NA 0.204822838306427 NA
"2013-01" 0.28986194729805 0.12073927372694 NA 0.223127424716949 NA
"2013-02" 0.359597742557526 0.123102962970734 0.490593791007996 0.256772696971893 NA
"2013-03" 0.466661870479584 0.124297618865967 0.454457342624664 0.309608042240143 NA
"2013-04" 0.506302118301392 0.122129939496517 0.351614862680435 0.38441926240921 NA
"2013-05" 0.552647292613983 0.123631700873375 0.498746275901794 0.384441435337067 NA
"2013-06" 0.664797842502594 0.129083275794983 0.590990900993347 0.245951876044273 NA
"2013-07" 0.592014610767365 0.139276027679443 0.6761354804039 0.161786645650864 0.438410460948944
"2013-08" 0.652629852294922 0.203486695885658 0.698229432106018 0.153279691934586 0.474543929100037
"2013-09" 0.676328718662262 0.245708420872688 0.600702702999115 0.156014308333397 NA
"2013-10" 0.6549973487854 0.207131803035736 0.444724917411804 0.163136467337608 NA
"2013-11" 0.514948427677155 0.17484188079834 0.482013791799545 0.167143166065216 NA
"2013-12" 0.394996643066406 0.165560767054558 NA 0.162351205945015 NA
"2014-01" 0.313337057828903 0.154601186513901 NA 0.174305498600006 NA
"2014-02" 0.380727618932724 0.142284274101257 0.407898247241974 0.188316479325294 NA
"2014-03" 0.49869641661644 0.136326864361763 0.468676626682281 0.257071524858475 NA
"2014-04" 0.509011507034302 0.134708121418953 0.347783088684082 0.355964839458466 NA
"2014-05" 0.625965476036072 0.132172524929047 0.437572151422501 0.297674655914307 NA
"2014-06" 0.592074751853943 0.129971012473106 0.590672969818115 0.174415215849876 0.268510639667511
"2014-07" 0.668332397937775 0.131779879331589 0.667155265808105 0.141797855496407 0.432733207941055
"2014-08" 0.622013330459595 0.169432312250137 0.674593389034271 0.142771556973457 0.424883961677551
"2014-09" 0.625986099243164 0.2377650141716 0.597682595252991 0.15017095208168 NA
"2014-10" 0.661961436271667 0.226725444197655 0.476169317960739 0.162126705050468 NA
"2014-11" 0.485392183065414 0.191071689128876 0.457859754562378 0.203441560268402 NA
"2014-12" 0.312854140996933 0.168594121932983 NA 0.241250962018967 NA
"2015-01" 0.281778544187546 0.134610831737518 NA 0.225909218192101 NA
"2015-02" 0.362993806600571 0.130752384662628 0.288529396057129 0.21153935790062 NA
"2015-03" 0.486015349626541 0.1455467492342 0.350340634584427 0.301035821437836 NA
"2015-04" 0.545129239559174 0.157969936728477 0.470393985509872 0.381404042243958 NA
"2015-05" 0.586356163024902 0.14943265914917 0.485992252826691 0.304131954908371 NA
"2015-06" 0.663614153862 0.143586456775665 0.583748877048492 0.174381613731384 0.302578210830688
"2015-07" 0.671931266784668 0.184006243944168 0.652323961257935 0.137477576732635 0.472784757614136
"2015-08" 0.619376122951508 0.187574043869972 0.660971224308014 0.137338370084763 0.394560545682907
"2015-09" 0.687122762203217 0.195873573422432 0.555165231227875 0.145419746637344 NA
"2015-10" 0.573135554790497 0.184622973203659 0.47661280632019 0.145489737391472 NA
"2015-11" 0.557314991950989 0.156345263123512 0.289032250642776 0.151710703969002 NA
"2015-12" 0.421526372432709 0.156802654266357 NA 0.140216559171677 NA
"2016-01" 0.317708015441895 0.123691022396088 NA 0.173759758472443 NA
"2016-02" 0.351506561040878 0.132269203662872 0.402427643537521 0.195174798369408 NA
"2016-03" 0.413759231567383 0.133189603686333 0.296011328697205 0.251933485269547 NA
"2016-04" 0.563931703567505 0.130107209086418 0.429751992225647 0.354879885911942 NA
"2016-05" 0.614559888839722 0.125370681285858 0.501768350601196 0.335525095462799 NA
"2016-06" 0.650411367416382 0.130583733320236 0.633545517921448 0.241555571556091 NA
"2016-07" 0.708498120307922 0.152440845966339 0.638819694519043 0.154749318957329 0.350730806589127
"2016-08" 0.695318996906281 0.20082975924015 0.660984456539154 0.148934543132782 0.272637158632278
"2016-09" 0.638877511024475 0.212918668985367 0.551582157611847 0.15570430457592 0.0875675678253174
"2016-10" 0.636023283004761 0.202917814254761 0.36155042052269 0.164504736661911 NA
"2016-11" 0.447317004203796 0.170429274439812 NA 0.201475888490677 NA
"2016-12" 0.321708083152771 0.159900739789009 NA 0.231289178133011 NA
"2017-01" 0.312439501285553 0.148058950901031 NA 0.216133013367653 NA
"2017-02" 0.388204991817474 0.132979363203049 0.376762062311172 0.238930523395538 NA
"2017-03" 0.440266817808151 0.135683104395866 0.346693426370621 0.329710602760315 NA
"2017-04" 0.508483827114105 0.12992587685585 0.478036761283875 0.332019597291946 NA
"2017-05" 0.647722959518433 0.127091124653816 0.493660092353821 0.23807467520237 NA
"2017-06" 0.692984998226166 0.139260619878769 0.536774575710297 0.150262951850891 NA
"2017-07" 0.650552570819855 0.186626464128494 0.692728996276855 0.13765960931778 0.367201507091522
"2017-08" 0.56341278553009 0.274746775627136 0.68576192855835 0.139262020587921 0.344604462385178
"2017-09" 0.644312620162964 0.227666810154915 0.546066224575043 0.148686110973358 NA
"2017-10" 0.646836578845978 0.187499493360519 0.471634209156036 0.156907632946968 NA
"2017-11" 0.549750924110413 0.16322934627533 NA 0.163889348506927 NA
"2017-12" 0.3790363073349 0.145824864506721 NA 0.162090286612511 NA
"2018-01" 0.288612604141235 0.141862645745277 NA 0.173503488302231 NA
"2018-02" 0.361422061920166 0.1347426623106 0.256140351295471 0.174469709396362 NA
"2018-03" 0.533147156238556 0.131039187312126 0.273921549320221 0.220285028219223 NA
"2018-04" 0.54620760679245 0.133234232664108 0.420710623264313 0.281946629285812 NA
"2018-05" 0.538123369216919 0.131053179502487 0.485899031162262 0.338184535503387 NA
"2018-06" 0.615284204483032 0.132878005504608 0.601664483547211 0.226361468434334 0.328224331140518
"2018-07" 0.728331923484802 0.159816041588783 0.655652642250061 0.171815484762192 0.472538977861404
"2018-08" 0.624521851539612 0.175387233495712 0.647835969924927 0.161823526024818 0.397670328617096
"2018-09" 0.62507963180542 0.206530898809433 0.505155384540558 0.167654037475586 NA
"2018-10" 0.59608268737793 0.19245907664299 0.469937235116959 0.169256761670113 NA
"2018-11" 0.510061204433441 0.175380930304527 NA 0.162868082523346 NA
